[0, 0] :: (52 134 230)
[0, 1] :: (88 132 225)
[0, 2] :: (84 182 31)
[0, 3] :: (136 70 247)
[0, 4] :: (112 228 158)
[0, 5] :: (222 48 212)
[0, 6] :: (244 154 230)
[0, 7] :: (124 8 115)
[1, 0] :: (112 208 194)
[1, 1] :: (104 34 137)
[1, 2] :: (136 238 180)
[1, 3] :: (198 50 233)
[1, 4] :: (66 60 36)
[1, 5] :: (202 120 148)
[1, 6] :: (240 250 72)
[1, 7] :: (136 46 43)
[2, 0] :: (8 168 2)
[2, 1] :: (140 238 127)
[2, 2] :: (158 50 67)
[2, 3] :: (168 210 150)
[2, 4] :: (86 204 107)
[2, 5] :: (30 206 37)
[2, 6] :: (150 50 6)
[2, 7] :: (46 10 183)
[3, 0] :: (200 54 10)
[3, 1] :: (254 192 117)
[3, 2] :: (148 156 0)
[3, 3] :: (18 98 254)
[3, 4] :: (34 168 41)
[3, 5] :: (170 110 189)
[3, 6] :: (226 154 19)
[3, 7] :: (60 132 88)
[4, 0] :: (128 112 128)
[4, 1] :: (164 102 95)
[4, 2] :: (254 210 75)
[4, 3] :: (138 144 98)
[4, 4] :: (110 236 87)
[4, 5] :: (78 198 234)
[4, 6] :: (96 236 30)
[4, 7] :: (158 242 167)
[5, 0] :: (196 12 24)
[5, 1] :: (148 18 65)
[5, 2] :: (138 120 23)
[5, 3] :: (132 124 12)
[5, 4] :: (180 60 109)
[5, 5] :: (26 24 105)
[5, 6] :: (76 118 61)
[5, 7] :: (198 194 76)
[6, 0] :: (210 230 84)
[6, 1] :: (150 64 82)
[6, 2] :: (124 114 17)
[6, 3] :: (22 124 229)
[6, 4] :: (26 68 234)
[6, 5] :: (146 96 192)
[6, 6] :: (100 44 95)
[6, 7] :: (226 6 173)
[7, 0] :: (180 178 74)
[7, 1] :: (238 26 26)
[7, 2] :: (14 240 43)
[7, 3] :: (198 110 186)
[7, 4] :: (168 146 236)
[7, 5] :: (240 56 202)
[7, 6] :: (18 56 62)
[7, 7] :: (20 128 227)
